note 0.500 1 1 1 1 1 1 1 1
note 1.600 1 1 1 1 1 1 1 1
note 2.700 1 1 1 1 1 1 1 1
note 3.800 1 1 1 1 1 1 1 1
note 4.900 1 1 1 1 1 1 1 1
note 6.000 1 1 1 1 1 1 1 1
note 7.100 1 1 1 1 1 1 1 1
note 8.200 1 1 1 1 1 1 1 1
note 8.425 1 1 1 1 1 1 1 1
note 8.650 1 1 1 1 1 1 1 1
note 9.300 1 1 1 1 1 1 1 1
note 10.400 1 1 1 1 1 1 1 1
note 11.500 1 1 1 1 1 1 1 1
note 12.600 1 1 1 1 1 1 1 1
note 13.700 1 1 1 1 1 1 1 1
note 14.800 1 1 1 1 1 1 1 1
note 15.900 1 1 1 1 1 1 1 1
note 17.000 1 1 1 1 1 1 1 1
note 18.100 1 1 1 1 1 1 1 1
note 19.200 1 1 1 1 1 1 1 1
note 20.300 1 1 1 1 1 1 1 1
note 21.400 1 1 1 1 1 1 1 1
note 22.500 1 1 1 1 1 1 1 1
note 23.600 1 1 1 1 1 1 1 1
note 24.700 1 1 1 1 1 1 1 1
note 25.800 1 1 1 1 1 1 1 1
note 26.900 1 1 1 1 1 1 1 1
note 28.000 1 1 1 1 1 1 1 1
end